   -0.18482574971013639242E+03
    11
    11
   -0.20391979266676980131E+02   -0.52030462285334140304E+01    0.54105628843550020082E-16   -0.14285337696703011798E-15
   -0.52030462285334140304E+01   -0.26846711279856592114E+01   -0.31896681835444681598E-16    0.23829844187607688001E-17
    0.54105628843550020082E-16   -0.31896681835444681598E-16   -0.44841501338183142877E+00    0.16038198088838405886E-15
   -0.14285337696703011798E-15    0.23829844187607688001E-17    0.16038198088838405886E-15   -0.44841501338183142877E+00
   -0.42260023374900618220E-01   -0.40985915181575405253E+00   -0.10586147502465120232E-15   -0.32283829290525734448E-16
   -0.28148501940162972031E-02   -0.88726677963417721617E+00    0.18602042798019723233E-16    0.17717414162947558766E-16
   -0.13254206664131891191E+01   -0.13987725032580513584E+01   -0.53134175371647065213E-16   -0.15394569719521450132E-16
   -0.31086889544966031791E-16   -0.23753330352969087242E-16   -0.48874975187478097993E+00   -0.75123470506265986000E-16
    0.61857459205719050547E-16   -0.30447069635562838220E-16   -0.15278241709998951338E-16   -0.48874975187478009175E+00
    0.22648693124527432552E+01    0.14444493888071932020E+01    0.51207673877635140640E-16    0.28352499119372885466E-17
    0.34753942335980071525E-04   -0.18993847106722458462E-01    0.40721657328656398748E-17    0.66064539255357024724E-17
   -0.18993847106722437645E-01   -0.16506605524842338228E+00   -0.12717668872660063019E-16   -0.12266809693523550703E-16
    0.10187282089649181626E-16   -0.23788463901770943826E-17   -0.15018635125316037726E-01    0.27360399954189588090E-16
   -0.20953099072741152527E-16    0.74860310827973510579E-17    0.17388245134544100077E-16   -0.15018635125315926704E-01
    0.47101211008704083061E-01    0.24088902543569234993E+00    0.16952825292867676914E-16    0.13326971921790668775E-16
   -0.42260023374900618220E-01   -0.28148501940162972031E-02   -0.13254206664131891191E+01   -0.31086889544966031791E-16
   -0.40985915181575405253E+00   -0.88726677963417721617E+00   -0.13987725032580513584E+01   -0.23753330352969087242E-16
   -0.10586147502465120232E-15    0.18602042798019723233E-16   -0.53134175371647065213E-16   -0.48874975187478097993E+00
   -0.32283829290525734448E-16    0.17717414162947558766E-16   -0.15394569719521450132E-16   -0.75123470506265986000E-16
   -0.88087678517327283600E+00   -0.14418603938104768147E+01   -0.99593409879933592066E+00    0.70370042787703983950E-16
   -0.14418603938104768147E+01   -0.11343561688748270200E+02   -0.30587212185597607572E+01   -0.95684995152492060568E-16
   -0.99593409879933592066E+00   -0.30587212185597607572E+01   -0.20973165880010995465E+01    0.61990675171165799744E-17
    0.70370042787703983950E-16   -0.95684995152492060568E-16    0.61990675171165799744E-17   -0.39962102165939406007E+00
    0.29333697325731092131E-16   -0.73061499893977081091E-16   -0.16211816817704886406E-16   -0.94571487937535370282E-16
    0.46829067597243145826E+00   -0.21795922476913582523E-15   -0.28436926556299158673E-14   -0.23951399744836266000E-16
   -0.47101211008704138572E-01   -0.28148501940163141166E-02   -0.13254206664131904514E+01   -0.13246984076841092455E-16
   -0.24088902543569312709E+00   -0.88726677963417710515E+00   -0.13987725032580495821E+01    0.14717540542670211999E-16
   -0.32815707847288419578E-16    0.17757360118568313414E-16   -0.66869643282024580125E-16   -0.48874975187478186811E+00
   -0.61849819543057876466E-17    0.17366460380851240070E-16   -0.62341426170493626056E-16   -0.10009349909784224653E-17
    0.31551897833519992886E+00    0.14418603938104763706E+01    0.99593409879933680884E+00   -0.32677889211526597582E-16
    0.61857459205719050547E-16    0.22648693124527432552E+01    0.34753942335980071525E-04   -0.18993847106722437645E-01
   -0.30447069635562838220E-16    0.14444493888071932020E+01   -0.18993847106722458462E-01   -0.16506605524842338228E+00
   -0.15278241709998951338E-16    0.51207673877635140640E-16    0.40721657328656398748E-17   -0.12717668872660063019E-16
   -0.48874975187478009175E+00    0.28352499119372885466E-17    0.66064539255357024724E-17   -0.12266809693523550703E-16
    0.29333697325731092131E-16    0.46829067597243145826E+00   -0.47101211008704138572E-01   -0.24088902543569312709E+00
   -0.73061499893977081091E-16   -0.21795922476913582523E-15   -0.28148501940163141166E-02   -0.88726677963417710515E+00
   -0.16211816817704886406E-16   -0.28436926556299158673E-14   -0.13254206664131904514E+01   -0.13987725032580495821E+01
   -0.94571487937535370282E-16   -0.23951399744836266000E-16   -0.13246984076841092455E-16    0.14717540542670211999E-16
   -0.39962102165939406007E+00    0.32233665320291223075E-16   -0.20464623560315184489E-16    0.32776446756962359087E-16
    0.32233665320291223075E-16   -0.17446529835773993966E+01   -0.22648693124527463638E+01   -0.14444493888071985310E+01
   -0.20464623560315184489E-16   -0.22648693124527463638E+01   -0.20391979266677001448E+02   -0.52030462285334122541E+01
    0.32776446756962359087E-16   -0.14444493888071985310E+01   -0.52030462285334122541E+01   -0.26846711279856751986E+01
    0.70356290452141964188E-16   -0.50857448211800170455E-16    0.14277420755249637716E-16   -0.36817356936846628252E-16
   -0.48874975187478231220E+00   -0.50213323736452527604E-16    0.28515140518010177880E-16   -0.21501620021381263551E-16
   -0.54469068615264358832E-16    0.46829067597243634324E+00    0.42260023374900437809E-01    0.40985915181575260924E+00
    0.10187282089649181626E-16   -0.20953099072741152527E-16    0.47101211008704083061E-01
   -0.23788463901770943826E-17    0.74860310827973510579E-17    0.24088902543569234993E+00
   -0.15018635125316037726E-01    0.17388245134544100077E-16    0.16952825292867676914E-16
    0.27360399954189588090E-16   -0.15018635125315926704E-01    0.13326971921790668775E-16
   -0.32815707847288419578E-16   -0.61849819543057876466E-17    0.31551897833519992886E+00
    0.17757360118568313414E-16    0.17366460380851240070E-16    0.14418603938104763706E+01
   -0.66869643282024580125E-16   -0.62341426170493626056E-16    0.99593409879933680884E+00
   -0.48874975187478186811E+00   -0.10009349909784224653E-17   -0.32677889211526597582E-16
    0.70356290452141964188E-16   -0.48874975187478231220E+00   -0.54469068615264358832E-16
   -0.50857448211800170455E-16   -0.50213323736452527604E-16    0.46829067597243634324E+00
    0.14277420755249637716E-16    0.28515140518010177880E-16    0.42260023374900437809E-01
   -0.36817356936846628252E-16   -0.21501620021381263551E-16    0.40985915181575260924E+00
   -0.44841501338184031056E+00   -0.43316030009983318714E-16   -0.14929540394181880830E-16
   -0.43316030009983318714E-16   -0.44841501338184031056E+00   -0.43284259437570248063E-16
   -0.14929540394181880830E-16   -0.43284259437570248063E-16   -0.88087678517327461236E+00
